1 가천관푸드코트 1 0 1 1 1 0 0 0
2 봉구스밥버거 1 0 0 0 0 0 0 1
3 태평돈가스 1 0 1 0 0 0 0 0
4 맘보 1 0 0 0 0 0 0 0
5 오늘오면 1 0 1 0 0 0 0 0
6 치미치미 0 0 0 0 0 1 0 1
7 짜장대학 0 1 0 0 0 0 0 0
8 돈돈이네 1 0 0 0 0 0 0 0
9 바우골 1 0 0 0 0 0 0 0
10 태리엣키친 0 0 0 1 0 0 0 0
11 맘스터치 0 0 0 0 0 0 1 1
12 쩡이네즉석 1 1 0 0 1 0 0 0
13 차이나스푼 0 1 0 0 0 0 0 0
14 신전떡볶이 0 0 0 0 1 0 0 0
15 피자스쿨 0 0 0 0 0 0 1 0
16 포밥 0 0 0 0 0 1 0 0
17 쩡이순댓국 1 0 0 0 0 0 0 0
18 등촌칼국수 1 0 0 0 0 0 0 0
19 멜팅그릴 0 0 0 1 0 0 0 1
20 육연차 0 0 1 0 0 0 0 0
21 알촌 1 0 0 0 0 0 0 0
22 아토 0 0 1 0 0 0 0 0
23 디왈리 0 0 0 0 0 1 0 0
24 혼다라멘 0 0 1 0 0 0 0 0
25 준호네부대찌개 1 0 0 0 0 0 0 0
26 내가찜한닭 1 0 0 0 0 0 0 0
27 곱창고 1 0 0 0 0 0 0 0
28 포크포크 1 0 1 0 0 0 0 0
29 썬더치킨 0 0 0 0 0 0 1 0
30 스타동 0 0 1 0 0 0 0 0
31 셋다리치킨 0 0 0 0 0 0 1 0
32 경원분식 0 0 0 0 1 0 0 0
33 원조태평동곱창 1 0 0 0 0 0 0 0
34 신의한컵 1 0 1 0 0 0 0 0
35 싸움의고수 1 0 0 0 0 0 0 0
36 이삭토스트 0 0 0 0 1 0 0 1
37 59쌀피자 0 0 0 0 0 0 1 0
38 토마토도시락 1 0 0 0 0 0 0 0
39 오니기리와이규동 0 0 1 0 0 0 0 0
40 한솥도시락 1 0 0 0 0 0 0 0
41 찹스버거 0 0 0 1 0 0 0 1
42 친친 1 0 0 0 0 0 0 0
43 피자투어 0 0 0 0 0 0 1 0
44 할매순대국 1 0 0 0 0 0 0 0